Sector1
40.872442, -73.910007 | 40.839593, -73.94949
371
Sector2
40.834203, -73.933611 | 40.797502, -73.97747
792
Sector3
40.826995, -73.931723 | 40.792044, -73.964939
701
Sector4
40.818161, -73.930607 | 40.789575, -73.958759
501
Sector5
40.806273, -73.931036 | 40.786715, -73.952529
316
Sector6
40.803025, -73.927774 | 40.784376, -73.947086
221
Sector7
40.793929, -73.970518 | 40.772287, -73.994293
421
Sector8
40.791654, -73.964252 | 40.769232, -73.988543
444
Sector9
40.78782, -73.955755 | 40.766697, -73.982878
601
Sector10
40.785091, -73.949404 | 40.762991, -73.973951
732
Sector11
40.783271, -73.944683 | 40.760261, -73.967514
792
Sector12
40.781126, -73.938847 | 40.758278, -73.962822
668
Sector13
40.770304, -73.991418 | 40.750183, -74.010344
440
Sector14
40.769134, -73.988628 | 40.748818, -74.006996
824
Sector15
40.767915, -73.985732 | 40.759676, -73.994452
1000/1257
Sector16
40.766762, -73.982878 | 40.746509, -74.001374
1000/1667
Sector17
40.765543, -73.980024 | 40.757205, -73.989760
541
Sector18
40.745298, -73.99851 | 40.756051, -73.986998
611
Sector19
40.764324, -73.977256 | 40.756035, -73.986976
500
Sector20
40.754832, -73.984122 | 40.744233, -73.995388
746
Sector21
40.762926, -73.973994 | 40.754832, -73.984122
458
Sector22
40.753435, -73.980904 | 40.7429, -73.992813
727
Sector23
40.762894, -73.969896 | 40.75345, -73.980861
552
Sector24
40.752134, -73.977706 | 40.741551, -73.989615
675
Sector25
40.760261, -73.967578 | 40.752134, -73.977706
502
Sector26
40.750768, -73.974488 | 40.740242, -73.986332
561
Sector27
40.75831, -73.962922 | 40.738819, -73.983178
1000/1197
Sector28
40.756717, -73.959103 | 40.736868, -73.978543
636
Sector29
40.74531, -73.998515 | 40.742933, -74.014087
50
Sector30
40.741535, -73.989573 | 40.738539, -73.999679
97
Sector31
40.732592, -73.967943 | 40.736007, -73.993692
171
Sector32
40.737372, -73.996911 | 40.733926, -73.015279
440
Sector33
40.733243, -73.987212 | 40.728592, -74.003263
407
Sector34
40.728462, -73.975711 | 40.724462, -73.993349
369
Sector35
40.725827, -73.969188 | 40.720721, -73.981333
41
Sector36
40.728234, -74.002962 | 40.718705, -74.016867
195
Sector37
40.725421, -73.996782 | 40.716916, -74.0121103
374
Sector38
 40.723031, -73.990946 | 40.714964, -74.007425
610
Sector39
40.717339, -73.973136 | 40.710996, -73.999529
361
Sector40
40.715529, -74.00926 | 40.709532, -74.02678
95
Sector41
40.714167, -74.006331 | 40.70309, -74.019485
464
Sector42
40.709272, -73.995409 | 40.701984, -74.016738
395